Number of update messages passed to root in centralized method



10-nodes

25	20	28	22	33	39	30	38	27	21	

20-nodes

70	70	66	64	79	52	63	48	59	80	

30-nodes

76	80	140	89	68	77	77	104	66	77	

40-nodes

94	87	102	101	98	87	126	93	103	89	

50-nodes

182	113	133	118	128	123	132	116	120	144	

60-nodes

142	146	138	153	126	155	150	122	127	226	

70-nodes

163	154	146	171	162	153	166	167	158	145	

80-nodes

178	167	179	165	176	216	180	187	198	181	

90-nodes

201	208	203	194	196	213	184	204	206	229	

100-nodes

217	194	218	227	262	232	218	212	229	235	

110-nodes

262	221	214	252	232	242	221	254	238	242	

120-nodes

258	247	290	287	277	238	263	265	266	255	

130-nodes

252	258	276	274	275	259	282	297	308	261	

140-nodes

303	311	323	320	270	303	299	315	285	279	

150-nodes

299	297	294	330	284	347	316	300	319	329	

160-nodes

320	313	330	375	324	324	331	342	331	307	

170-nodes

355	342	344	339	353	343	341	330	376	344	

180-nodes

383	345	362	379	376	368	348	382	349	361	

190-nodes

400	397	379	371	375	387	381	366	381	394	

200-nodes

403	423	425	459	411	409	422	420	398	384	

10-nodes

25	20	28	22	33	39	30	38	27	21	

20-nodes

70	70	66	64	79	52	63	48	59	80	

10-nodes

-10	-10	-10	-10	-10	-10	-10	-10	-10	-10	

10-nodes

-10	-10	-10	-10	-10	-10	-10	-10	-10	-10	

10-nodes

-10	

10-nodes

-10	

10-nodes

-10	

10-nodes

-10	

10-nodes

-10	

10-nodes



10-nodes



10-nodes



10-nodes



10-nodes



10-nodes



10-nodes



10-nodes



10-nodes



10-nodes



10-nodes



10-nodes



10-nodes



10-nodes



10-nodes



10-nodes



10-nodes



10-nodes

-10	

10-nodes

-10	

10-nodes

-10	

10-nodes

-10	

10-nodes

-10	

10-nodes

-10	

10-nodes

-10	

10-nodes

-10	

10-nodes

-10	-10	

10-nodes

-10	-10	

10-nodes

-10	

10-nodes

-10	

10-nodes

-10	

10-nodes

-10	

10-nodes

-10	

10-nodes

-10	

10-nodes

-10	

10-nodes

-10	

10-nodes

-10	

10-nodes

-10	

10-nodes

-10	

10-nodes

0	

10-nodes

0	1	0	1079296059	0	1	0	0	8	6	

10-nodes

0	1	

10-nodes

0	1	

10-nodes

-10	-10	

100-nodes

-100	-100	

100-nodes

-100	-100	

100-nodes

-100	-100	

100-nodes

-100	-100	

100-nodes

-100	-100	

100-nodes

-100	-100	