

10-nodes

0.000079	0.000073	0.000077	0.000078	0.000078	0.000072	0.000079	0.000079	0.000076	0.000073	

20-nodes

0.000320	0.000332	0.000304	0.000305	0.000310	0.000335	0.000317	0.000314	0.000338	0.000309	

30-nodes

0.000773	0.000770	0.000774	0.000763	0.000748	0.000784	0.000763	0.000740	0.000766	0.000739	

40-nodes

0.001459	0.001476	0.001600	0.001533	0.001415	0.001440	0.001417	0.001398	0.001395	0.001373	

50-nodes

0.002369	0.002432	0.002371	0.002445	0.002639	0.002446	0.002261	0.002260	0.002212	0.002263	

60-nodes

0.003575	0.003545	0.003451	0.003451	0.003728	0.003862	0.003313	0.003300	0.003302	0.003230	

70-nodes

0.004771	0.004755	0.004742	0.004863	0.005251	0.005342	0.004624	0.004479	0.004538	0.004574	

80-nodes

0.006339	0.006357	0.006274	0.006553	0.006924	0.006396	0.005922	0.006344	0.006004	0.005870	

90-nodes

0.007951	0.008075	0.008193	0.008221	0.009030	0.008431	0.007708	0.007661	0.007955	0.007785	

100-nodes

0.010207	0.010199	0.010292	0.010333	0.011761	0.010125	0.009565	0.009742	0.009515	0.009683	

10-nodes

0.000078	0.000081	0.000076	0.000076	0.000076	0.000071	0.000076	0.000077	0.000082	0.000070	

20-nodes

0.000321	0.000317	0.000415	0.000314	0.000309	0.000314	0.000299	0.000312	0.000399	0.000315	

30-nodes

0.000747	0.000777	0.000733	0.000736	0.000756	0.000743	0.000761	0.000731	0.000743	0.000738	

40-nodes

0.001473	0.001432	0.001519	0.001479	0.001322	0.001347	0.001336	0.001405	0.001328	0.001342	

50-nodes

0.002268	0.002327	0.002256	0.002307	0.002453	0.002335	0.002200	0.002220	0.002185	0.002209	

60-nodes

0.003615	0.003436	0.003408	0.003413	0.003655	0.003687	0.003208	0.003201	0.003167	0.003166	

70-nodes

0.004699	0.004572	0.004666	0.004644	0.004930	0.004985	0.004591	0.004761	0.004577	0.004439	

80-nodes

0.006257	0.006279	0.006188	0.006390	0.006761	0.006322	0.005806	0.005758	0.005753	0.005734	

90-nodes

0.007906	0.008129	0.008206	0.008158	0.008856	0.008113	0.007544	0.007597	0.007518	0.007488	

100-nodes

0.009924	0.010010	0.010193	0.010394	0.011042	0.009829	0.009523	0.009418	0.009290	0.009549	

10-nodes

0.000001	0.000001	0.000001	0.000001	0.000001	0.000001	0.000001	0.000001	0.000001	0.000001	

20-nodes

0.000001	0.000001	0.000001	0.000000	0.000001	0.000001	0.000001	0.000001	0.000001	0.000001	

30-nodes

0.000001	0.000001	0.000001	0.000001	0.000001	0.000001	0.000001	0.000001	0.000001	0.000001	

40-nodes

0.000001	0.000001	0.000001	0.000001	0.000001	0.000001	0.000001	0.000001	0.000001	0.000001	

50-nodes

0.000001	0.000001	0.000001	0.000001	0.000001	0.000001	0.000000	0.000001	0.000001	0.000001	

60-nodes

0.000001	0.000001	0.000001	0.000001	0.000001	0.000001	0.000001	0.000001	0.000001	0.000001	

70-nodes

0.000001	0.000001	0.000001	0.000001	0.000001	0.000001	0.000001	0.000001	0.000001	0.000001	

80-nodes

0.000001	0.000001	0.000001	0.000001	0.000001	0.000001	0.000001	0.000001	0.000001	0.000001	

90-nodes

0.000001	0.000001	0.000001	0.000001	0.000001	0.000001	0.000001	0.000001	0.000001	0.000001	

100-nodes

0.000001	0.000001	0.000001	0.000001	0.000001	0.000001	0.000001	0.000001	0.000001	0.000001	